0.02911854682249848
0.5164575929025914
0.02902268689863141
0.028920258949196365
0.028950094696567175
1.0
0.031179007024489058
0.03000588855717623
0.5164817444098646
0.5179205519287355
0.028929031342083134
1.0
0.028973335025769487
0.028919372456414183
0.02905713283221978
0.029017686137462806
0.02894363201004113
0.028972746611682698
0.028973934624201614
0.5178694563584408
0.0289149413216786
0.5178393149700252
0.029065067359245633
0.5194010602693566
0.5161488008407487
0.02897316209012435
0.029159954148702316
0.028956619157776586
0.043124742429522356
0.053195689541525204
