0.060619902387383906
0.07586486355423752
0.05985498575699888
0.09105424706609283
0.0680909681199986
0.06127508210067861
0.0645621166166425
0.0648225728359213
0.06225070739810548
0.06053655197725287
0.06378085251135529
0.07317034236234143
0.06362805060003854
0.06418553626879717
0.07182063582990778
0.07314542534816992
0.07869455008279233
0.06471543903169086
0.0637308221160266
0.06656933936812315
0.06199185507083538
0.0594096079347709
0.07369073987740052
0.05832626870100016
0.06195841104835975
0.06728419510215872
0.06077243313729214
0.06199783501830047
0.06237770418208796
0.08055691854302605
