0.7821682944875974
0.7648466274088564
0.7873683156188723
0.7346256691371889
0.7879416158776893
0.7879722840584471
0.787630706955501
0.7877757689702702
0.7854216107390823
0.7860750144081525
0.7879354538364133
0.7718143192662756
0.7882996060004145
0.7879641629008247
0.7876716407085324
0.7735093883258897
0.7609203313080247
0.7858247121483491
0.7877996262711531
0.776843254605644
0.7881005848677352
0.7876465818257982
0.7835585125524629
0.7873620093401607
0.7882869964285375
0.7801036130587943
0.788009992679733
0.7870063241184239
0.7881806166556539
0.7672179899698985
