0.05277726630207269
0.0737541800406678
0.04647992816401891
0.11035241460323475
0.045785649142210616
0.04574850931153773
0.04616216657622296
0.04598649333664806
0.04883742990748419
0.048046143922119144
0.04579311150756571
0.06531615439418847
0.04535211535533323
0.045758344209191004
0.04611259491534114
0.06326338907530493
0.07850900959863882
0.048349265376226525
0.04595760162891682
0.05922600485307572
0.04559313425457623
0.04614294176470102
0.051093682135955665
0.04648756520403041
0.04536738581979505
0.0552776401998506
0.04570284335500363
0.04691830770592409
0.04549621402721682
0.07088240865401163
