0.06618017950545296
0.06890340494885921
0.0684971430183442
0.06823165590271124
0.07020008994230298
0.06407327353528214
0.06130388834604561
0.06690100681541644
0.06564525719971115
0.0772470122480654
0.0610740433003778
0.07012532390105752
0.07484781563283693
0.07793214535631321
0.08457296367839162
0.058842483064731166
0.07782598687163489
0.07565295070825728
0.0703352683463947
0.08206177133490235
0.06395552641502522
0.061158896457580325
0.07894204856156532
0.06393410709545444
0.06853232168450885
0.06680581615473447
0.06643046870779412
0.08675687321435244
0.06859018393907165
0.06433754090825944
