0.022893917257169525
0.021104216388800483
0.012985071897887304
0.029062282304491566
0.03182998508225652
0.021316542086527182
0.013771047825246244
0.014402962964455418
0.02438207399838203
0.026700059240692617
0.018760373483137832
0.024016501651466057
0.02644001144121719
0.0197103798959602
0.028285607855858024
0.015965480912455376
0.023065441949043097
0.012581081534112184
0.016275594409381266
0.02831157024428965
0.025598610137688743
0.014822286361670212
0.027331597310909797
0.016429362858027072
0.012740972100851332
0.025893879183874754
0.02888598618641215
0.016516172202146236
0.02540521375512312
0.017262987140557646
