0.02843745673541509
0.030306684225930858
0.028249867322603484
0.024628647210150012
0.0288140629167557
0.024624873231768762
0.027928541708157506
0.025443085109929653
0.032458916833144724
0.03415856856963473
0.026978693745932647
0.03639547988556968
0.026250769155115483
0.035398455858943856
0.03014961953587081
0.028238754233955055
0.032072480359280564
0.031716887130980975
0.03162719105336642
0.02575599068311274
0.031218775492597217
0.02894300856985399
0.031409108065251545
0.03218934966476983
0.028285918898837248
0.025424056910905657
0.027869973684671034
0.03358551675312482
0.02899539645273075
0.030399073321447867
