0.007204020264150124
0.007269406884894747
0.007186519825478799
0.00753819140887213
0.0077773323602419175
0.00630341307425647
0.006356573771937435
0.006974057011275292
0.007910627523158298
0.008663535003234801
0.00860277005782828
0.006940047924562265
0.007013253150893073
0.007092893036082404
0.007558387741518291
0.006814974735531831
0.007234921254808735
0.0069996590861997054
0.008106931010032903
0.00721702230347554
0.006904442069004646
0.007094386453682433
0.007765014050558738
0.007437885045548653
0.006365355941294837
0.007335991929624086
0.006858070660347271
0.007472023094020064
0.007972160612510937
0.00837674792028964
