0.09428426538565447
0.09435964805328319
0.09435140149885482
0.09433101451378481
0.09430457736110782
0.09438873693120926
0.09436553309856902
0.09429934714059669
0.09439602293244218
0.09434079086188338
0.0943120806999849
0.09432278551733435
0.09437174415446874
0.09432434205021768
0.09437799342477911
0.09436225062580396
0.09439325604381113
0.09434346922459337
0.09433418104415803
0.0943376172478055
0.09437026261408259
0.0943535222252845
0.09434540666933319
0.09438630579056025
0.09433448147274481
0.09428739748888841
0.09438429413139708
0.0942780569462429
0.09430931111583493
0.09437913786162361
