0.0024248758590692757
0.002369139203839293
0.0024165776789448886
0.002376288525465246
0.002477746238294616
0.0023922927234432292
0.0023252425683843608
0.0024503876776583743
0.0024155546926517583
0.00241957211769845
0.002508925892381865
0.0023869447560004005
0.002403437689341816
0.0024053424942325407
0.002362425729975055
0.0024101695421389862
0.002340122050343033
0.0024150521039574195
0.0024479243578395932
0.0023522377150368766
0.00237127109670885
0.002356783056939452
0.002370899796269241
0.002417185762956447
0.002369791815918905
0.0024308007960710367
0.002358735535727498
0.002420562195692419
0.002446839878834131
0.0024353342293269983
