0.0702109127086219
0.06697973100613086
0.09992310516286
0.08468375214938619
0.09515953129972311
0.06809864178084768
0.06798644030779016
0.09796183435926877
0.07524128128789609
0.07688021491171992
0.08712704567453
0.07248258042577238
0.06894815847336061
0.08900551953960184
0.08045359387363302
0.07468853290719213
0.07529006123817183
0.09086436221342506
0.09149401732670158
0.10692602201207159
0.105315885718045
0.06983495289610066
0.1059071979157001
0.07849347418569097
0.09837362137577124
0.07270475285302025
0.09687296938338748
0.0673437950891213
0.07802592856973944
0.06662573435191838
