0.022255565933545766
0.02205231528973758
0.022101991045569758
0.02267816531269699
0.022628635947632973
0.02232523825542139
0.022440077067071258
0.022323563694990133
0.022094229211044
0.022261648787937814
0.022691846955845432
0.02288221943822852
0.022529967304840276
0.023029267577639786
0.02281797679904817
0.023601466840111062
0.022492892641695437
0.022941280577378455
0.022946784301597436
0.022928703821186714
0.022137796245585217
0.022671688539690222
0.022714600933690342
0.022374594492861898
0.025488822200787648
0.024172468106512995
0.022772800735472328
0.02269043534263318
0.02322692996756684
0.02219851296608892
