0.10853803336563272
0.10764471979883761
0.10555685982776586
0.11120773539682027
0.10909431523592172
0.10828013785761181
0.10896380109500137
0.10747047791791997
0.11094128588072338
0.11014094730544799
0.11037201245250894
0.11009117555378367
0.10659167774623335
0.11070953580425535
0.10945098307257928
0.11046934570281963
0.11072370988305025
0.11024691077784599
0.11077361692661136
0.10811367518212378
0.10898740200976487
0.10958496843310683
0.11242610768269001
0.11332942260383883
0.1086312883514996
0.10778785667036928
0.11025432584630812
0.10909933973257568
0.1116893028167516
0.10707225188033986
