0.3078359213333611
0.3080442779051103
0.3064654339680696
0.3073406691786099
0.30888495876432326
0.30753478930259986
0.30763943102240887
0.30684791645718995
0.30666443353154066
0.30686517764873444
0.3064596365883998
0.3077046764713787
0.3074067141219544
0.3077236525872572
0.30711319952995186
0.3071710021084174
0.3070906689403487
0.30764433223934157
0.3052180981154062
0.30725780098024796
0.30693156833052865
0.30741842049913554
0.3065360746538016
0.30703880707318887
0.3078611885010914
0.30718242490605224
0.3055726660597668
0.30589789802085765
0.3081243288752676
0.30825322975909913
