0.055505134920808
0.05486586023424689
0.05971003171637068
0.057024655823553205
0.05228650318176975
0.05642906106800005
0.05610800182772491
0.05853650802429411
0.059099465980450905
0.05848354764621899
0.05972781909902991
0.055907817290277495
0.056822018296447396
0.05584959522207722
0.057722572798896254
0.05754522430001874
0.057791700618986974
0.05609296403029862
0.06353707796479713
0.05727891006227959
0.058279849332610545
0.05678610106791748
0.05949329364158529
0.05795082196848278
0.05542761079668035
0.0575101771435198
0.062449201016195
0.06145133203495512
0.05462024974821045
0.05422475911685154
