0.008696054241313367
0.00704626491448751
0.007299013387614739
0.007479004795238775
0.007119057693383668
0.008464888659333591
0.008017952475704804
0.008900337202297881
0.008699916433069221
0.00756785033352958
0.0068617712850694845
0.00827103483159164
0.008927062762402516
0.0081509888394663
0.007497540453068607
0.007082562217263222
0.00807133434247509
0.007019168828420241
0.008601024768615684
0.007520988061607059
0.007320991964004153
0.008246365676129574
0.007205703283781284
0.007875276980687185
0.007859377775315868
0.007018291968594936
0.007147395462685724
0.007608312073053125
0.006775921962538178
0.008436638825671916
