0.09452377377765483
0.09450469720210086
0.09430127562435177
0.0945379040310475
0.09456488338807355
0.09442849259380473
0.09431840802629855
0.0945629521074508
0.09442727830100699
0.09448377545100205
0.09449413230973569
0.09435065241806989
0.09443321201974798
0.09443126655333017
0.09446859289644345
0.0944068856599979
0.09441361609437754
0.094440705242017
0.0944550382080445
0.09446435542999804
0.09455208114120117
0.09444214139812919
0.09450538003597106
0.09447038727890907
0.09455446562649442
0.09442103286450078
0.09448389352000565
0.09452808585516957
0.09451513545346292
0.09452410342528245
