0.002490566826000872
0.002388886648297061
0.002468779238272381
0.0024043395827853882
0.002300359460618991
0.0025732142056685233
0.0025489764776819297
0.002344474210481628
0.002466373857629377
0.0023978715122954207
0.0023046822489409973
0.0024248335913880374
0.0024815201330628347
0.002548790815081599
0.002447746764440304
0.002457215749780968
0.002489705939135476
0.002377317621584227
0.0024527076075766302
0.002392941595511609
0.0024316684467946804
0.0023847727014234157
0.0022888727694579036
0.0024553561177210136
0.0023718281707377762
0.0023519173027927915
0.0023263160583382905
0.00244736743996582
0.002365104718681381
0.002498716179080196
