0.14029107443144023
0.06778189903327446
0.08089802364801335
0.09717575786888573
0.09816884443429197
0.08335337417161923
0.09111233166458815
0.11218857725361452
0.08892780111617449
0.08213566328760724
0.0951864959273574
0.08542981062702781
0.07874279506136905
0.07753202498993306
0.10021725019758387
0.07105195672501197
0.09036544725344936
0.14441498029624736
0.11705674415585443
0.08729089728046147
0.07494487826951635
0.1067927219596706
0.08817463757562338
0.06961463567189834
0.08594525915335838
0.0819263868957858
0.08365128634078123
0.08330749119557934
0.08649899437984543
0.06714568104173124
