0.10178912631088843
0.09115201587439226
0.10544332132397727
0.08462084965651895
0.09975260622547721
0.08943257658632275
0.09398645402426464
0.08904276103817665
0.09429322023273767
0.0886685122306714
0.09741155806477608
0.09962182709803313
0.09136119487264394
0.0899545188555102
0.09322857561506936
0.09065850830653588
0.0938373069591043
0.09703117106559811
0.08516356415859105
0.09643965716665703
0.09692442452430139
0.09061325596173997
0.09232730643354936
0.10489907728797232
0.11561280305237631
0.09078985566886211
0.09820981350271851
0.10106275605638826
0.10127194156937502
0.09523989368731156
