0.0696443845029669
0.06695557025059704
0.06381259011165763
0.06016976435720829
0.06311733202787033
0.06174699558724661
0.06187289679636593
0.06089425585519337
0.061330921207011224
0.06644625197959303
0.0581361934880381
0.06237917726243395
0.06019463356164123
0.0671067750103917
0.06453886956726823
0.059074749476799235
0.061708746437479756
0.05897984776065479
0.061783173057520124
0.06648203952606546
0.06363950051643852
0.06468593766228381
0.07193330851585394
0.05975755293266524
0.06111420956918806
0.06124658290214502
0.06770151736330332
0.05752626935742938
0.06564651854809223
0.05999263984885106
