0.00912629906143958
0.00865101606315366
0.008548026125343666
0.008471757868856788
0.008395809220342887
0.007822660133639747
0.008389084627758558
0.008275887570370899
0.008757361080550918
0.008447541627490063
0.008393182653065101
0.008374541215824371
0.008620253270220202
0.008055636657443688
0.0087264305764444
0.008516124315979257
0.00826289961516824
0.008121628995982788
0.007837771436162488
0.00850797679787052
0.008351842075779548
0.008677929176827415
0.008986161689327421
0.007648498530472669
0.008890229884776835
0.008533928356042386
0.009161596120022097
0.008578402834406251
0.008110259008073495
0.008595183526990402
