0.0026232500395895163
0.0026550076556562845
0.002578952081090493
0.00259713201984709
0.002532344937727767
0.002500645032554748
0.002386371380411453
0.0024957497074180697
0.002652076467810875
0.002664228616566978
0.0025355357519314366
0.002603091586618269
0.0025994856521661574
0.0024722299830313758
0.002490476538815809
0.0025090355146755753
0.0024599780630766206
0.0024534203620411913
0.002570080990496165
0.0026817542329403577
0.0025769878250363957
0.0025588382107123993
0.0026405790119594184
0.002492918789275853
0.0025646550715083052
0.0024933129076844477
0.002534832082082863
0.0025674916274822327
0.0025305437937972893
0.002604426325051443
