0.4156993624614262
0.41736791337012097
0.4170633722566242
0.4146669285375395
0.4166532339985818
0.4164177673739459
0.4150058219153196
0.4151165470508597
0.4151802125483232
0.41712158334963956
0.41806130253356333
0.41375200357316444
0.4150513726724548
0.4152809363501276
0.4140126424230196
0.41499241162343925
0.4165770148593978
0.41732112865753074
0.41643428576636615
0.4165545263168991
0.415002201255708
0.4154059838904841
0.41612749463176746
0.41587860722995845
0.4153677407256592
0.4158886486777185
0.4164075805017412
0.41622958921235925
0.4170989724477975
0.41578252653068093
