0.022850282578500792
0.02353349582041666
0.02319637548279716
0.024456041993304502
0.02198972121081862
0.022211344698496217
0.02254183175788921
0.0258783225872813
0.023135624459210625
0.02571604727571285
0.02190413023866694
0.02281373711593046
0.023053037714825905
0.02581896938525899
0.024590582093588116
0.02275123975059191
0.022707632564129013
0.02259634737991966
0.022151929276512248
0.022951263337967463
0.02285651979434781
0.02454131593584043
0.022818042944657498
0.02248956927476097
0.0223967189366573
0.02292404901954029
0.02253170426060336
0.02347723985098263
0.022629378333217025
0.022437463238199524
