0.0685625602619937
0.0946267655699714
0.09161964779028653
0.07349783143741584
0.07478708289876868
0.0879387598056065
0.07071742371877177
0.0771006093622324
0.08145630555287908
0.08116774313589614
0.07046279921493581
0.0761571408838495
0.06938847656337888
0.07871066143180605
0.0698253902570477
0.09773084091699091
0.07620420961598529
0.061338176523264454
0.0898958077488724
0.08238480313649243
0.06364951988389334
0.08622333677549221
0.07888856715014236
0.07322116134255208
0.07951296436645716
0.08475459927164353
0.07209575194530193
0.06399395379249839
0.07242330269633879
0.09191038728067158
