0.05206870545083361
0.05383088134823416
0.05240239623799803
0.051216040848796385
0.060919375893125335
0.049933640209902874
0.05125652197596553
0.048637599375510154
0.051517874702171285
0.0440615049810692
0.05361016875004204
0.04777987220901747
0.05135513418852289
0.04996546271581187
0.05504472784741083
0.04725122988209185
0.05040682326127066
0.04670115428832222
0.050457206532728394
0.05323810864614442
0.05151401371017905
0.055224752101278085
0.05290377705023558
0.05060941503048172
0.049417304036332155
0.04835065055798232
0.04746246373888785
0.05092114048031454
0.0571304335128644
0.050853042713243854
