0.40605758654845225
0.417195941763057
0.41462010758279455
0.4177865210111596
0.3911943152901902
0.4171037055991693
0.4170759226991771
0.4119497866847361
0.4173760591571143
0.3943239054572461
0.41529508658686276
0.39851824727539864
0.41614848741677885
0.41308254745003575
0.34729253752045264
0.4148222829619128
0.4113414924748937
0.41396709801772374
0.41759345115148294
0.36391799099286154
0.4105790961742611
0.41668137723014875
0.4152573228650599
0.4162903721187514
0.3988170666820195
0.4145549595811549
0.4149561178183825
0.4062838347525196
0.41109322621839944
0.36350965353756526
