0.12518009840870303
0.10118336706930031
0.10673280409188346
0.09991100941161302
0.15720187544284792
0.10138208280442862
0.10144193892987063
0.11248580549523968
0.10079531796945851
0.15045941365254656
0.10527861363842006
0.14142302615936864
0.10344002705667166
0.11004535937613313
0.25178488578545133
0.10629723275637948
0.11379632867821032
0.10813966307538192
0.10032696360441173
0.2159666224345017
0.11543885298704604
0.10229195685792503
0.10535997267833386
0.10313434735721805
0.1407792426849218
0.10687316046071205
0.1060088958311628
0.12469266401965529
0.11433119927112523
0.21684635413830955
