0.06014173353474686
0.06153898500191951
0.06163467917146437
0.06356596809423198
0.05905972817469507
0.059985444992916456
0.06477355193316153
0.05946253141848501
0.060484819428143655
0.06331796128488507
0.06090631506144428
0.06661476991757953
0.06091916214312609
0.06037754764994091
0.06273489328239497
0.06250058481606446
0.060436068477207845
0.06408269581824101
0.06631492419435463
0.06015257030616927
0.061036721838182095
0.06318282990770002
0.057606325637153885
0.06250802781967499
0.06087749746395167
0.06204129221418958
0.05955831029561301
0.06913392259503923
0.07173562288949809
0.0635518436533467
