0.7875954173013842
0.7882268338627373
0.7878337063509034
0.7878825807850126
0.7863718331431788
0.7882955222262059
0.7877160071063973
0.7872198762820576
0.7876656260384848
0.7876580695208076
0.7882906366011111
0.788159603205057
0.788274219419838
0.7879233998720332
0.7884322177220622
0.7878262352737105
0.7872662418926658
0.7881267199050361
0.7878077865652139
0.7879036071161315
0.7867460575690778
0.7882021340768741
0.7867558148590202
0.7880760049262411
0.7879678714262458
0.7878560247517779
0.7876021709387548
0.78814605712027
0.7878588022329559
0.7876546767610643
