0.10866126565047174
0.09334294572451277
0.10582451847230596
0.08995467201253682
0.08314221116078646
0.08494604017120466
0.11066593176129197
0.09985855040964431
0.09047347963161056
0.08577881749674665
0.0828460052813991
0.08004765312107162
0.07715067011459942
0.09145862223429163
0.09368352221295251
0.08500105690272647
0.08558582605718329
0.08484323137516293
0.10897602490905173
0.08508623360799847
0.09160889700174468
0.09356939763868563
0.0918573023014872
0.08185275309423475
0.08093511448665183
0.09493266490717558
0.11246637159275052
0.10819563090493356
0.09232006337233964
0.08099095804537154
