ISS (ZARYA)             
1 25544U 98067A   25072.00417552  .00014432  00000+0  26081-3 0  9993
2 25544  51.6356  63.4195 0006568  15.5590  81.8021 15.49939018500246
CSS (TIANHE)            
1 48274U 21035A   25071.85219644  .00022927  00000+0  26432-3 0  9991
2 48274  41.4640 247.2807 0006855 332.5035  27.5440 15.61376141221092
ISS (NAUKA)             
1 49044U 21066A   25071.85780725  .00016892  00000+0  30385-3 0  9990
2 49044  51.6352  64.1471 0006423  14.4841 345.6331 15.49936208205958
FREGAT DEB              
1 49271U 11037PF  25067.67566116  .00008999  00000+0  19934-1 0  9994
2 49271  51.6599 301.3428 0908550 335.1230  20.8289 12.27890519167552
CSS (WENTIAN)           
1 53239U 22085A   25071.85219644  .00022927  00000+0  26432-3 0  9994
2 53239  41.4640 247.2807 0006855 332.5035  27.5440 15.61376141214945
CSS (MENGTIAN)          
1 54216U 22143A   25071.85219644  .00022927  00000+0  26432-3 0  9995
2 54216  41.4640 247.2807 0006855 332.5035  27.5440 15.61376141134795
CYGNUS NG-21            
1 60378U 24139A   25071.85780725  .00016892  00000+0  30385-3 0  9997
2 60378  51.6352  64.1471 0006423  14.4841 345.6331 15.49936208 33860
SOYUZ-MS 26             
1 61043U 24162A   25071.85780725  .00016892  00000+0  30385-3 0  9993
2 61043  51.6352  64.1471 0006423  14.4841 345.6331 15.49936208499855
CREW DRAGON 9           
1 61447U 24178A   25071.85780725  .00016892  00000+0  30385-3 0  9998
2 61447  51.6352  64.1471 0006423  14.4841 345.6331 15.49936208 25252
SHENZHOU-19 (SZ-19)     
1 61683U 24194A   25071.85219644  .00022927  00000+0  26432-3 0  9999
2 61683  41.4640 247.2807 0006855 332.5035  27.5440 15.61376141220876
TIANZHOU-8              
1 61983U 24211A   25071.85219644  .00022927  00000+0  26432-3 0  9992
2 61983  41.4640 247.2807 0006855 332.5035  27.5440 15.61376141 16298
PROGRESS-MS 29          
1 62030U 24215A   25071.85780725  .00016892  00000+0  30385-3 0  9999
2 62030  51.6352  64.1471 0006423  14.4841 345.6331 15.49936208 14103
2024-013E               
1 62056U 24013E   25071.74939347  .01337568  77001-5  74522-3 0  9996
2 62056  41.4658 227.1864 0038477 291.3974  68.2782 16.16466448 19103
1998-067XC              
1 62296U 98067XC  25071.35688022  .00413407  00000+0  19557-2 0  9991
2 62296  51.6252  57.7669 0006461  24.3194 335.8112 15.81298659 14549
YOMOGI                  
1 62298U 98067XE  25071.21505825  .00418392  00000+0  18926-2 0  9994
2 62298  51.6235  58.3117 0006708  25.9386 334.1952 15.82249757 14529
ISS DEB                 
1 62376U 98067XG  25071.68606662  .00351975  00000+0  20183-2 0  9994
2 62376  51.6284  57.7445 0006170  35.6847 324.4565 15.77211869 12965
PROGRESS-MS 30          
1 63129U 25041B   25071.85780725  .00016892  00000+0  30385-3 0  9997
2 63129  51.6352  64.1471 0006423  14.4841 345.6331 15.49936208  1626