0.04953045059315567
0.04888520918518857
0.05856678613945168
0.052370821575644246
0.05419042096067772
0.05220246367457884
0.05115208709222899
0.04578364043418903
0.05702745440965093
0.058997119432995265
0.06144783703942114
0.0555595289940537
0.05566834728767667
0.05489465921622494
0.04922409532832761
0.05257140533601823
0.373958243991092
0.04805083458484638
0.052710823895850245
0.05179178567470066
0.050932349849347136
0.049993537990721815
0.04489260543440998
0.056206804239130936
0.04737168758012644
0.0524313660459621
0.0486038619601627
0.37678346378772914
0.051390261861667313
0.05577780942258265
