0.020206473062974975
0.02023829760942992
0.020626323849703653
0.020848559855742133
0.02022649662199194
0.019753798481215147
0.020580871010695074
0.020881280984512692
0.02042176462784071
0.020746120636962732
0.020837539271238787
0.0206899882517307
0.0211759196121931
0.020765731598491696
0.02078324375669062
0.02182110297223235
0.09630092361440137
0.01989586349288225
0.021487742144818127
0.020746973318300506
0.021117778663624544
0.019909771701094793
0.020449089007388024
0.02077881344362256
0.020711366383625328
0.020498632190993158
0.020173414582403557
0.09631301221168005
0.02083875134028556
0.020353115309927953
