0.09405327643262136
0.09407198503348706
0.09406660081322221
0.09399651518006644
0.09401994226882832
0.09405490314258484
0.09405820177662606
0.09403003515346099
0.09404689766971198
0.09406997051985551
0.09406830882247504
0.0940410438716655
0.09406956805709327
0.09404811138983839
0.09402105303531663
0.09404531651351747
0.0940318992376859
0.09409314131135775
0.09400677916411546
0.09400078369518783
0.09405313717344388
0.09406858505104991
0.09405694441110662
0.09403953082433057
0.09402497224963823
0.09399447818333416
0.09405819689466441
0.09407566096840879
0.09405548914473126
0.0940199943632018
