0.016006756089839813
0.015811025142943524
0.015867355305647868
0.016600597061131595
0.01635550089924842
0.01598973731415665
0.01595522672894578
0.016249908296132265
0.01607349124086699
0.015832101153034683
0.015849485970000465
0.016134734165594744
0.015836311752112087
0.01606079319939857
0.016343879967351982
0.01609003342920934
0.016230406091074068
0.015589686394516522
0.016493214401612333
0.016555939498946737
0.016008213031001084
0.015846596043548544
0.015968381392166275
0.016150563793352002
0.01630287681934739
0.016621908291302945
0.01595527780443695
0.01577256720436615
0.015983606510692305
0.016354955883556288
