0.10910977713710879
0.11821014489952097
0.12000173862146032
0.13029527296093302
0.11729034579422826
0.12103551736025686
0.12003898836186587
0.1215405944284329
0.1438816213095273
0.09533348830824895
0.1275745189739974
0.10501375577584543
0.12419378978217244
0.10522264890868559
0.11201547495941566
0.09801903258519429
0.10678868619858461
0.08886574411809557
0.1049147357667357
0.13490775753829176
0.14083908946387727
0.10060879888122404
0.10580647926972284
0.10171418054042884
0.10263174317588314
0.11128588644015291
0.1020696594846161
0.10051235371194533
0.12662146930433027
0.1093374304247966
