0.16026625803670314
0.16858854227193376
0.21495380114024465
0.18584736025305137
0.20502028693064278
0.1988911286071965
0.15637236014802247
0.18248195110418064
0.3590795251758484
0.16080795045837615
0.21377026140088784
0.16947961839400083
0.1644450420889283
0.15651253309888236
0.16623182245672452
0.15314621445522314
0.17536964993227788
0.1557062732975153
0.2052783158617103
0.3244498173677376
0.39642124019184
0.17567498339734156
0.18103072893495575
0.21310231058661377
0.16895650749816593
0.2337269732278502
0.1575815302738326
0.16253737525314238
0.18876483713502656
0.18781934347585072
