0.031235482163276023
0.033278354521108965
0.032821435758699606
0.028642677852565118
0.029142142813963726
0.030453521479629476
0.029321841584985298
0.030107567441487983
0.029466541727811452
0.029747715691767717
0.03034489172738291
0.028566078431653086
0.030770954247278177
0.028830182611153596
0.032250156267436735
0.029679701108158547
0.033642197326652946
0.03023459240616809
0.032580574497664154
0.03064446043072867
0.028821847010379615
0.029712774756370658
0.029821049719288176
0.035911499554213897
0.028377326053120946
0.029238903799256324
0.031816145946653655
0.02907999246393057
0.0330737233424706
0.030891433704493283
