0.008439075881974345
0.008492870847644385
0.0080988094200245
0.007950981748636399
0.008690086042147716
0.007760438302629402
0.008931778374318133
0.008323621753349775
0.007880226302822368
0.00857151115822341
0.008019138960881689
0.008621000644465027
0.008474100979962595
0.008488661122927454
0.008312653009732385
0.008401904279014882
0.007874970212950694
0.00874715300752038
0.008219105693288209
0.008723947918203634
0.008652412706685375
0.008374028423863034
0.008087633445752695
0.008397209454044763
0.008139218923427727
0.008473725416159872
0.007842817083213327
0.008683426098431535
0.0093601487729984
0.007878858398371325
