0.002483622525351027
0.002566246297978034
0.0025929960085151246
0.0024838660390135766
0.0025359304900796392
0.0024746189403117903
0.0025939154143975575
0.0025677632159481325
0.0025174331283381417
0.0025159427445808178
0.0025002118502089107
0.002532597167401517
0.0026228543958041776
0.002585443808068399
0.0026021618608706608
0.002556564854580225
0.002536025395684328
0.002588146472215799
0.002503249423701522
0.002552294636935448
0.0024926535555599184
0.002573201562381787
0.00248560960741337
0.002543072639761733
0.0025758697383978842
0.0025745357976681266
0.002505458739148562
0.0025636322791614007
0.002559705900121856
0.0024140957634968675
