0.10466540930399106
0.09226806113345083
0.10112420286529823
0.10548114063919654
0.12604104360269217
0.10003378102638372
0.13065312121631567
0.10102803213272468
0.11275711663387683
0.10191495736741507
0.11871079325371336
0.10097203697039936
0.1250029316141903
0.0910288772121648
0.12401213556455813
0.16162219376930695
0.11184159472954935
0.14763406306505
0.10401286469325433
0.10320790213573527
0.1056192999029294
0.16469870368838346
0.11078125083977758
0.10244092838119168
0.10937089922640682
0.11978085139678786
0.0973963171947821
0.10283013267006791
0.10275892499071995
0.11169338903713927
