0.38750575428385536
0.3912704733196418
0.389336773117443
0.38360166500202253
0.37949849063777713
0.38351523192786596
0.3823300188052124
0.3915848421240039
0.3863865060653136
0.38133563017704264
0.38626724784086214
0.3867538714730959
0.38993997649396717
0.38937614722729247
0.38209203556931104
0.3804466849924903
0.383562903332863
0.38946149086931786
0.38711169947422613
0.3880787766282935
0.3839216851303377
0.3812008351242414
0.38218011831642956
0.38591911998663436
0.3836026086038054
0.3886685024315916
0.3858309737555256
0.38656528920686345
0.38247753529440975
0.38932766757202286
