0.027810741824979637
0.02753393752311213
0.026631305949524422
0.027616349335811686
0.02879426379957715
0.02838607321773091
0.029921861478425113
0.026998519224984325
0.0269969566082505
0.027581627265943244
0.02711566859120013
0.027320893205114057
0.02709128385884286
0.02623748978691225
0.02922672812114028
0.028388523712755465
0.027528585648492827
0.02703516525799471
0.027701349800112057
0.026998227958694117
0.026683544571185956
0.028814510701116035
0.027976293945878968
0.02785178191596841
0.02740204498845021
0.026848776509600127
0.028228218130647447
0.02726390502856799
0.028172207380532478
0.02773150212720669
