0.17170570519124595
0.1636586110141215
0.16779189891409552
0.18005070353725083
0.1888212466296778
0.18023545439943855
0.18276884972782714
0.16298664709038524
0.17409810041026996
0.18489435733237325
0.17435301509432344
0.1733128561448305
0.16650255053704321
0.16770773667859085
0.1832775393521181
0.18679447937345928
0.1801335566796033
0.167525314479678
0.17254799810444676
0.17048086882830416
0.1793666598976994
0.1851824820168958
0.18308926231080247
0.17509713905205349
0.18004868658662576
0.16922032878993476
0.1752855517905203
0.17371595110147486
0.18245353294854938
0.16781136203493774
