0.0023918255447941766
0.0023231956497791065
0.0023826328730156693
0.0024999953457272525
0.002392505403683207
0.002484213772352074
0.002374065304764412
0.002372839220751097
0.002377256667046344
0.0023925349349683046
0.002441478385450968
0.0024032311947827035
0.002416906247406033
0.0025155587104928076
0.0024646411105414667
0.0024335271106150523
0.0025113509320903882
0.0023866185963989698
0.002372632197294397
0.002420512694754939
0.0024238674383730992
0.0023931824075153606
0.002331601035179008
0.0024151290269928045
0.0025082256946707252
0.0023793770775781477
0.002364446932146749
0.00240619697420599
0.0024145542329934455
0.0024000180545236216
