0.10187120510188274
0.09492235907794222
0.16815821957433952
0.11033975806353857
0.21116788506762557
0.15205317009465835
0.08428279687631135
0.1821913190456097
0.15018133256790345
0.1579610129548501
0.08312095749008663
0.20581236474519882
0.17311284994970877
0.07251752571919157
0.11172193226420268
0.08448019414887464
0.12189926898521108
0.13583822840152804
0.10113231931095934
0.11004222696160837
0.10390373406900155
0.10767148173042329
0.2422679612957327
0.14996768215280565
0.22385661349034358
0.07737661955111164
0.12608858583607352
0.09143814509805814
0.26148967273968016
0.10992317500130566
