0.06570530905929023
0.045667676796713574
0.12561375943243466
0.07170328935053591
0.16787740075398752
0.10807932670698099
0.03677578773075821
0.12632226103962457
0.10575371901303347
0.1234610140610608
0.03991143332144028
0.187054805348357
0.11419695576053653
0.038737611870139126
0.06264465936977331
0.058462198817671014
0.09178269653387917
0.066993888352761
0.06613954057270922
0.07274991887662657
0.06688426191393766
0.06047040460478957
0.1897013587388036
0.12303832750837627
0.1643202500820319
0.03975154070625805
0.09664954361433344
0.0562764536987876
0.17834574069162265
0.06149724745865166
