SAT1
1 00001U 20000A   20000.00000000  .00000000  00000-0  00000-0 0  9991
2 00001  98.0000  0.0000 0000000  0.0000  0.0000 14.00000000    01
SAT2
1 00002U 20000B   20000.00000000  .00000000  00000-0  00000-0 0  9992
2 00002  98.0000  0.0000 0000000  0.0000  0.0000 14.00000000    02
SAT3
1 00003U 20000C   20000.00000000  .00000000  00000-0  00000-0 0  9993
2 00003  98.0000  0.0000 0000000  0.0000  0.0000 14.00000000    03
SAT4
1 00004U 20000D   20000.00000000  .00000000  00000-0  00000-0 0  9994
2 00004  98.0000  0.0000 0000000  0.0000  0.0000 14.00000000    04
SAT5
1 00005U 20000E   20000.00000000  .00000000  00000-0  00000-0 0  9995
2 00005  98.0000  0.0000 0000000  0.0000  0.0000 14.00000000    05
SAT6
1 00006U 20000F   20000.00000000  .00000000  00000-0  00000-0 0  9996
2 00006  98.0000  0.0000 0000000  0.0000  0.0000 14.00000000    06
SAT7
1 00007U 20000G   20000.00000000  .00000000  00000-0  00000-0 0  9997
2 00007  98.0000  0.0000 0000000  0.0000  0.0000 14.00000000    07
SAT8
1 00008U 20000H   20000.00000000  .00000000  00000-0  00000-0 0  9998
2 00008  98.0000  0.0000 0000000  0.0000  0.0000 14.00000000    08
SAT9
1 00009U 20000I   20000.00000000  .00000000  00000-0  00000-0 0  9999
2 00009  98.0000  0.0000 0000000  0.0000  0.0000 14.00000000    09
SAT10
1 00010U 20000J   20000.00000000  .00000000  00000-0  00000-0 0  10000
2 00010  98.0000  0.0000 0000000  0.0000  0.0000 14.00000000    10
SAT11
1 00011U 20000K   20000.00000000  .00000000  00000-0  00000-0 0  10001
2 00011  98.0000  0.0000 0000000  0.0000  0.0000 14.00000000    11
SAT12
1 00012U 20000L   20000.00000000  .00000000  00000-0  00000-0 0  10002
2 00012  98.0000  0.0000 0000000  0.0000  0.0000 14.00000000    12
SAT13
1 00013U 20000M   20000.00000000  .00000000  00000-0  00000-0 0  10003
2 00013  98.0000  0.0000 0000000  0.0000  0.0000 14.00000000    13
SAT14
1 00014U 20000N   20000.00000000  .00000000  00000-0  00000-0 0  10004
2 00014  98.0000  0.0000 0000000  0.0000  0.0000 14.00000000    14
SAT15
1 00015U 20000O   20000.00000000  .00000000  00000-0  00000-0 0  10005
2 00015  98.0000  0.0000 0000000  0.0000  0.0000 14.00000000    15
SAT16
1 00016U 20000P   20000.00000000  .00000000  00000-0  00000-0 0  10006
2 00016  98.0000  0.0000 0000000  0.0000  0.0000 14.00000000    16
SAT17
1 00017U 20000Q   20000.00000000  .00000000  00000-0  00000-0 0  10007
2 00017  98.0000  0.0000 0000000  0.0000  0.0000 14.00000000    17
SAT18
1 00018U 20000R   20000.00000000  .00000000  00000-0  00000-0 0  10008
2 00018  98.0000  0.0000 0000000  0.0000  0.0000 14.00000000    18
SAT19
1 00019U 20000S   20000.00000000  .00000000  00000-0  00000-0 0  10009
2 00019  98.0000  0.0000 0000000  0.0000  0.0000 14.00000000    19
SAT20
1 00020U 20000T   20000.00000000  .00000000  00000-0  00000-0 0  10010
2 00020  98.0000  0.0000 0000000  0.0000  0.0000 14.00000000    20
SAT21
1 00021U 20000U   20000.00000000  .00000000  00000-0  00000-0 0  10011
2 00021  98.0000  0.0000 0000000  0.0000  0.0000 14.00000000    21
SAT22
1 00022U 20000V   20000.00000000  .00000000  00000-0  00000-0 0  10012
2 00022  98.0000  0.0000 0000000  0.0000  0.0000 14.00000000    22
SAT23
1 00023U 20000W   20000.00000000  .00000000  00000-0  00000-0 0  10013
2 00023  98.0000  0.0000 0000000  0.0000  0.0000 14.00000000    23
SAT24
1 00024U 20000X   20000.00000000  .00000000  00000-0  00000-0 0  10014
2 00024  98.0000  0.0000 0000000  0.0000  0.0000 14.00000000    24
SAT25
1 00025U 20000Y   20000.00000000  .00000000  00000-0  00000-0 0  10015
2 00025  98.0000  0.0000 0000000  0.0000  0.0000 14.00000000    25
SAT26
1 00026U 20000Z   20000.00000000  .00000000  00000-0  00000-0 0  10016
2 00026  98.0000  0.0000 0000000  0.0000  0.0000 14.00000000    26
SAT27
1 00027U 20000AA  20000.00000000  .00000000  00000-0  00000-0 0  10017
2 00027  98.0000  0.0000 0000000  0.0000  0.0000 14.00000000    27
SAT28
1 00028U 20000AB  20000.00000000  .00000000  00000-0  00000-0 0  10018
2 00028  98.0000  0.0000 0000000  0.0000  0.0000 14.00000000    28
SAT29
1 00029U 20000AC  20000.00000000  .00000000  00000-0  00000-0 0  10019
2 00029  98.0000  0.0000 0000000  0.0000  0.0000 14.00000000    29
SAT30
1 00030U 20000AD  20000.00000000  .00000000  00000-0  00000-0 0  10020
2 00030  98.0000  0.0000 0000000  0.0000  0.0000 14.00000000    30
SAT31
1 00031U 20000AE  20000.00000000  .00000000  00000-0  00000-0 0  10021
2 00031  98.0000  0.0000 0000000  0.0000  0.0000 14.00000000    31
SAT32
1 00032U 20000AF  20000.00000000  .00000000  00000-0  00000-0 0  10022
2 00032  98.0000  0.0000 0000000  0.0000  0.0000 14.00000000    32
SAT33
1 00033U 20000AG  20000.00000000  .00000000  00000-0  00000-0 0  10023
2 00033  98.0000  0.0000 0000000  0.0000  0.0000 14.00000000    33
SAT34
1 00034U 20000AH  20000.00000000  .00000000  00000-0  00000-0 0  10024
2 00034  98.0000  0.0000 0000000  0.0000  0.0000 14.00000000    34
SAT35
1 00035U 20000AI  20000.00000000  .00000000  00000-0  00000-0 0  10025
2 00035  98.0000  0.0000 0000000  0.0000  0.0000 14.00000000    35
SAT36
1 00036U 20000AJ  20000.00000000  .00000000  00000-0  00000-0 0  10026
2 00036  98.0000  0.0000 0000000  0.0000  0.0000 14.00000000    36
SAT37
1 00037U 20000AK  20000.00000000  .00000000  00000-0  00000-0 0  10027
2 00037  98.0000  0.0000 0000000  0.0000  0.0000 14.00000000    37
SAT38
1 00038U 20000AL  20000.00000000  .00000000  00000-0  00000-0 0  10028
2 00038  98.0000  0.0000 0000000  0.0000  0.0000 14.00000000    38
SAT39
1 00039U 20000AM  20000.00000000  .00000000  00000-0  00000-0 0  10029
2 00039  98.0000  0.0000 0000000  0.0000  0.0000 14.00000000    39
SAT40
1 00040U 20000AN  20000.00000000  .00000000  00000-0  00000-0 0  10030
2 00040  98.0000  0.0000 0000000  0.0000  0.0000 14.00000000    40
