0.1381993212790016
0.1646901733700756
0.08135578650315745
0.5396682139332383
0.07659722987099127
0.2589926398390764
0.09977375277019085
0.11226101709385172
0.1013374143198118
0.08498956552165841
0.11542473704766709
0.0952184829827597
0.2014341523046258
0.13483978081362402
0.07656494112036794
0.1344215339174113
0.16002166869486062
0.09264491323632662
0.15872259894825314
0.09738320131118394
0.08226399408722845
0.1275175867998699
0.19387962106678247
0.12849365163397342
0.13268001168227883
0.08755434127848005
0.13399493193530998
0.0963777538418908
0.11568820326208107
0.08278168889798744
