0.26902865606355814
0.31889990116778827
0.4095021791992811
3.1373355409851725E-4
0.4151991499456573
0.08705507824808262
0.3738778519522478
0.32360901855351504
0.3429297770316525
0.3924107716497349
0.4066154434575098
0.37084423988667986
0.15453879380337962
0.25517995349773276
0.4151604979651859
0.27124067984140904
0.24487193643151656
0.3541108071020894
0.22523734744322815
0.36882153937818163
0.40821004371210556
0.27735933859965917
0.16585404497026085
0.29616517193710407
0.29385026590299756
0.39900224609674434
0.29896495001918
0.3859088775062174
0.3140630723257372
0.4169011312470119
