0.4203984109168274
0.31295464141318297
0.11775898794642958
0.9993240851396096
0.10548530176788395
0.8124465161866323
0.19450886650777277
0.3028092094733914
0.2611841183768687
0.15458111359034155
0.1239782385187499
0.201044550845614
0.667058031014085
0.4502343775805284
0.10556857449291723
0.41563277548046984
0.47244220911526236
0.23709544733626053
0.514743423956548
0.2054023038304409
0.12054279467035256
0.402450594848747
0.6426801909238822
0.3619348704426404
0.3669221578029481
0.14038028785010803
0.3559029634733395
0.1685889454428079
0.3233752178826048
0.10181851369672068
