0.2950124038909934
0.37077384411503383
0.35899483084109457
0.36555516906061963
0.33945686130366376
0.38000219525130197
0.39835607588120814
0.39104681975753164
0.31583258256207536
0.39085847400229984
0.37741136897391403
0.2915449028640783
0.37746745086018263
0.3611603709611708
0.3575940447693695
0.3514791054015085
0.38690292128554804
0.389396579469552
0.3949303570012745
0.36579256714394803
0.3637367276764433
0.31240919456642874
0.36322003002387526
0.363833499422413
0.33223941196728707
0.3902762459601496
0.40131741388759207
0.3374295347483945
0.3850068317529061
0.399909502769852
