0.08468541247870785
0.08473137874327338
0.08461289821041706
0.08466751509816514
0.08468714432062605
0.08474746341744546
0.08467223891849365
0.08481558000608122
0.08475767162827878
0.08470223171410528
0.08463260295253841
0.08476711020436024
0.08464502636134277
0.08473876085840015
0.08479587148693997
0.08475722731507263
0.08473301018410703
0.08475141926458876
0.08470986647060393
0.08477995493876146
0.08476361546709782
0.08464166840070757
0.08458900872167986
0.08471640724677852
0.08472843276052265
0.08469162452929099
0.0847491692977959
0.08466632418805917
0.08481206055593901
0.08476048457249576
