0.11401413222972379
0.11353322932558452
0.11477278256910184
0.11420137612175696
0.1139960135547381
0.11336495011920122
0.11415195511841714
0.11265230867216125
0.11325815096372904
0.11383816798236812
0.11456662990907962
0.113159403791397
0.11443665516717272
0.11345599701974651
0.11285850084768168
0.11326279940565076
0.11351616105514206
0.1133235637155523
0.11375829252136871
0.11302502110585944
0.11319596602490867
0.11447178643217149
0.11502271639819839
0.11368986237401124
0.11356405044350137
0.11394914123699629
0.11334710305630868
0.114213835522884
0.11268912945388809
0.11322872170607867
