0.07752576904234632
0.07940725870151966
0.07280891233944975
0.07879704702653406
0.10268354615823484
0.07243365754662479
0.07390994684781926
0.07768757517931091
0.09226783888777165
0.09334966897662571
0.0764740746550241
0.07328665230152143
0.08383460763556105
0.07473690443139203
0.07208006254790766
0.07051544441209312
0.08799037628946027
0.07980273179838888
0.08991987155569134
0.08581388482889563
0.0702644662818358
0.07697623824873424
0.06802296995005108
0.07268330780654908
0.07910297232936025
0.07144354547707055
0.07897508508692398
0.07669151519790751
0.07097393202026259
0.08566370637033649
