0.4166981539787308
0.4160491604374358
0.41739599322742454
0.4153183968684587
0.41600976190735584
0.41632144437605006
0.4171587991251573
0.41572292451765314
0.41642246698175467
0.417312836213849
0.41632349627286913
0.4153084019036887
0.4153950649497491
0.41611123267947425
0.4176274739426997
0.41742988076721765
0.4183224464717937
0.41585925896621606
0.41716750932312713
0.4163783286154809
0.41746231389261745
0.4157189371821267
0.4149006619612755
0.4163154464332617
0.4161861554510434
0.4169520957175149
0.41663303534819857
0.41667106905806495
0.4157916750412099
0.4157323126348731
