0.02212353453269357
0.022751963910028473
0.022476576821504213
0.022948933231336836
0.02273622391959163
0.023804402092415532
0.022306776811853612
0.023442283983899005
0.022500837674262447
0.025259463804600302
0.022428759492717363
0.02206513535279305
0.02307552451032621
0.022707415244827382
0.022484677071557043
0.022041009064215834
0.02494297884585783
0.02372490797973842
0.022433136620849798
0.022949584501256504
0.0227423681492327
0.02311160060712054
0.023077519955332873
0.023000970659394757
0.02297669041004316
0.022419060206795644
0.02198093099660671
0.023022696916428408
0.02220865039357054
0.022629103896786525
