0.41606604306811223
0.41604647210560025
0.4160848264086041
0.41606716980433134
0.4160518444436196
0.4160657189075158
0.4161017121094149
0.4160059676174065
0.41608427885673166
0.4161412808910384
0.4160289151135711
0.4160466484439368
0.41608370846306214
0.416058062998704
0.4160370708194998
0.416067693200943
0.4160651518126823
0.41609872299268663
0.41608482838025035
0.41608004409847493
0.41609995654394627
0.41606615678168407
0.4160493779442586
0.41609555957610217
0.41613132713209683
0.41606986197354556
0.41607235216905414
0.4160053923741901
0.41607911709312945
0.41608202722394927
