0.022218281974292667
0.022224330706089885
0.022210921291485202
0.022242430051339305
0.022231991756516994
0.02222808874459411
0.022218574890866913
0.02223781332930265
0.022214287710178606
0.022191523507153955
0.02222027134723812
0.022245600423230413
0.022223187658314346
0.022226864894996944
0.022244284829174295
0.022212660973023258
0.02222550625535486
0.02220105003829302
0.022202866980930946
0.022218710062327843
0.02221263782506721
0.02222633091730581
0.022229006291401267
0.022210796640355704
0.022203245118261144
0.022225356960808993
0.022208952899544183
0.022236101336940775
0.022217299976327116
0.02221408492679568
