0.11065803300426291
0.11069986597425974
0.11061788357784819
0.11065562460342826
0.11068838259141445
0.11065872589816095
0.11058179035990034
0.11078644439564878
0.11061905397102834
0.11049721201310425
0.1107373940784776
0.11069948905072635
0.11062027318859358
0.11067509041796564
0.11071996124137462
0.11065450584216452
0.11065993806445795
0.11058817960265399
0.11061787936345058
0.11062810577494386
0.11058554288446487
0.11065778994128439
0.11069365473854076
0.11059494141168524
0.11051848819197918
0.1106498700865568
0.11064454728886952
0.11078767397912981
0.11063008725065215
0.11062386684042969
