0.056679966149499564
0.057792826737193194
0.056792672516789204
0.054785380892587124
0.05748650721631994
0.055598584329529716
0.055456708871907484
0.05837312213167021
0.05600642947765668
0.056340724456130545
0.057619580800630454
0.056236651096663495
0.05500064451765367
0.05638041753882998
0.05601872635794955
0.056327892432793084
0.05668371218245174
0.05626157148680553
0.05630171842739833
0.05636758869916284
0.055338282249021736
0.05571903676528129
0.05642067108297011
0.059919655703281303
0.05822915158509129
0.05637696618725834
0.05552463299719059
0.05587762624199738
0.05683753824676086
0.05563337772958221
