0.41703849551101646
0.39555726529776725
0.4167066978336053
0.4176264445831284
0.41594708451401813
0.4143044394038537
0.404755990566963
0.4153839911637528
0.40635936677951284
0.4172937196994814
0.4187687978838567
0.41787778762731675
0.4117500258072605
0.4167409569994819
0.41667742506920663
0.41632170702271576
0.41791734045070894
0.41668624811128324
0.4157787445802964
0.41557553910621653
0.4175591955606113
0.4130968019919307
0.417663229377599
0.4169687351037633
0.4189140453136756
0.41748408967091766
0.4092595292798844
0.4158329164951602
0.4152746600200092
0.4188593401903944
