0.0240666279051102
0.03407857154013442
0.023712570504541734
0.02390471784966529
0.024098061142971278
0.02491828675416507
0.02985511456266429
0.02495436941172977
0.027849083999764844
0.023754975492035334
0.02330881769284716
0.02371526549503437
0.02620727014109197
0.025169291534167273
0.02378335414652669
0.024930188216367277
0.022978920282185716
0.024230192408512385
0.023947902596598604
0.024200884889192652
0.023851326923251395
0.025617015097203096
0.024169592115082208
0.02418256358358681
0.023580897336801045
0.02394971814224186
0.02690226998309688
0.024126010310907647
0.024341039756108653
0.02304665669745736
