0.10152257293388434
0.14780223454777297
0.10223740556136529
0.10025588178847877
0.10387393415115787
0.10741288695299644
0.1279842870414456
0.10508707555174845
0.12452993606527119
0.1009727120106233
0.09779476928810593
0.09971438249264852
0.11291617497228945
0.1021635968181881
0.1023004714853103
0.10306683871186695
0.09962916897069041
0.10228146291840534
0.10423660961673431
0.10467440021276386
0.1004007646455154
0.11001464905978664
0.1001766317723608
0.10167286637656303
0.09748184484962752
0.10056257451979755
0.11828175857217293
0.10411990038434937
0.10532262110878055
0.09759970283861918
