0.005256013475500421
0.004912534523485279
0.005545129546541072
0.005349162964748189
0.005713863926849583
0.005045714902663256
0.005268555931216667
0.005683407978055555
0.005456309816632254
0.004956193852938329
0.005378420174291354
0.005553239176486646
0.005750853977256165
0.005342098938372897
0.004628207454938638
0.006540572803715228
0.005902999337458192
0.005600759874583305
0.005486586748262412
0.005971887786187846
0.005322258239026545
0.005785918367153253
0.0052490436171857
0.005361888823126715
0.005374024981414982
0.004707165225428134
0.005639257705021827
0.005601025194628129
0.005383365434988463
0.005060749092530736
