0.0038862284301991457
0.003205098277648477
0.003964531532852811
0.0032804529516340386
0.004267941162891087
0.00356247532747489
0.0035244909663502133
0.003747888370523089
0.0032042631935472743
0.00405119223067274
0.0037473051673898583
0.00373745077824017
0.004455025123643708
0.0034633611352562488
0.003756611308852409
0.0036373457788160257
0.0033773214036982857
0.0036743321156191833
0.003479441516339943
0.0034267306893177585
0.0036867868328306352
0.0036589837408746995
0.0043734123987753115
0.0032403899892741173
0.003863594138759252
0.0038295207061213032
0.004135608735433616
0.003396094912728409
0.003449566163015505
0.003988899513294952
