0.007709035024340172
0.008316178867789015
0.00766947232553572
0.008586463180640935
0.008571085247423005
0.007927013743473599
0.00798374201208496
0.008496460637658632
0.008645720883672325
0.007998875461227795
0.0077094689187096055
0.00860030613441165
0.008739549560104698
0.008552647247535683
0.008551148239848705
0.007966094367536924
0.008110706929075007
0.007779903458336901
0.007749348628074082
0.00863341549386809
0.007908364988089889
0.007706143051794179
0.008081269719300233
0.008697935072823015
0.007787498970608486
0.00760224565241141
0.00859876654956726
0.008075792237545842
0.008365249125640739
0.007796337168456846
