0.002469760831017504
0.0024669315017398293
0.002395794641009426
0.002451538862526514
0.002437446160119641
0.0024357431144595753
0.002431040911201529
0.002609536426098417
0.0025689885565934136
0.0025032827883506694
0.0024390613273113943
0.002408510760206253
0.0024977239494770554
0.0024849959821367255
0.0025364556915890898
0.0024653741903916788
0.00247223381835274
0.0024332700657045776
0.0024767837229005764
0.0024895229213179734
0.002454482007460905
0.002462610913691643
0.002525121714992499
0.0025063678394245162
0.0025169618238139757
0.002410929851254422
0.002497264190332159
0.002487800002165502
0.0024888948528969915
0.002467314152917896
